COBYLA:
Total Loss: 105992605.67988078
Z[1] :14.55805056085023
Z[2] :26.59334276314505
Z[3] :46.668161927462734
Z[4] :71.07584159857718
Z[5] :95.6981372159339
Z[6] :126.3645936128085
Z[7] :154.41515331464586
Z[8] :189.32621529840304
Z[9] :218.36573477001383
Z[10] :257.1541096565638
L :12.719350420492107
Average Loss : 1563.4511266466175

----------------------------------------


L-BFGS-B
Total Loss: 104818198.1512607
Z[1] :13.415887936817866
Z[2] :27.358718312572318
Z[3] :51.20539464548509
Z[4] :78.86960966739498
Z[5] :104.01905350513623
Z[6] :137.73608677388378
Z[7] :168.78854929478763
Z[8] :207.46303086981737
Z[9] :239.04997455880036
Z[10] :284.07974188319383
L :10.890451392054887
Average Loss : 1546.1279486571186